-8.91341 -5.78739 -7.58623
-2.47667 -6.95219 5.11688
11.4769 2.96713 9.94489
-4.69055 -1.6609 4.58023
2.60381 -9.23105 4.31565
6.75158 -8.72557 2.83863
-12.9842 -3.07092 3.5718
4.81961 -7.46604 2.93879
5.73732 -2.09358 5.76662
2.48081 -7.65513 3.6599
9.10974 6.03124 -1.05984
-4.32528 -5.04735 2.64363
1.0922 4.26612 2.13511
-2.63577 -2.30012 -8.52732
13.5113 8.2769 -3.53583
-5.04342 -10.9621 5.70649
3.24337 -4.61835 -2.29443
-3.24321 5.16883 -7.34373
2.35577 8.1678 -2.15929
-4.04772 8.03209 2.72192
5.18325 2.01551 -1.37948
-2.78035 -4.06135 -10.7322
-5.60597 1.40052 6.24575
0.988219 3.42667 -4.57168
11.4127 7.61108 -2.28922
-5.66099 -8.10177 -5.37586
-4.62203 -7.07847 -10.4569
-4.46981 8.39291 9.69292
-2.57512 -9.39753 4.21779
-7.22312 7.59008 -1.94518
-3.83414 -2.63092 3.56737
-5.83342 3.72766 3.29351
10.1556 -6.55285 2.9165
5.13077 6.51434 7.53402
2.28523 3.99512 -3.99671
-0.555282 -1.28531 -12.4784
-5.22683 4.47615 4.39019
-7.20263 -9.97587 -7.13471
4.20735 5.85785 -3.75352
-1.59827 -5.18891 -8.90784
2.3681 3.53231 11.8342
-11.8021 -2.18825 -5.5821
8.88007 9.24125 3.74843
-2.73397 4.48276 3.75446
5.02347 -4.91549 -8.10316
-1.09827 2.55429 12.3579
-6.53116 7.422 -10.4208
-4.56168 3.78393 -4.88612
-8.62106 -6.2686 3.26943
10.9966 5.7575 -3.77254
4.78518 -4.938 -5.32206
0.986112 3.34541 3.08734
-8.48448 -7.87197 -9.14148
4.1235 8.34835 -4.16762
-11.6305 -5.87544 -1.32634
10.4718 2.169 5.47675
-5.01897 -4.2776 4.35788
-8.12558 8.77109 -5.38663
8.06108 -6.30206 3.22606
1.89317 -4.77831 0.866783
11.636 -1.15683 -6.66855
2.75663 9.05264 -4.65152
4.98783 -7.2867 13.0308
3.71781 4.74453 -4.31373
2.99286 6.87889 2.64998
4.6134 9.30745 -5.4079
8.72036 2.98953 -12.4505
7.1054 -3.1243 -1.90666
1.58387 -9.76677 5.5447
-2.29836 4.31133 -4.87353
-8.64682 9.84912 -5.45241
3.2691 4.79066 -10.2368
-4.76284 -1.71088 -5.77244
3.32698 6.88946 -6.41076
-4.69683 4.17443 -5.281
2.57997 4.75421 3.15792
-8.32358 2.49788 4.44696
6.31996 -3.63641 -6.39843
-5.39568 -8.65083 -8.16342
5.88008 -7.07621 -11.9163
8.02593 -6.06764 4.61344
-4.40959 7.62214 3.21849
1.13003 4.55235 5.94588
3.38638 5.81791 6.01577
7.09563 -3.66307 -5.45569
-5.71017 7.24141 -7.1192
-3.25291 -5.5371 2.78117
10.8889 7.68615 -3.20857
-1.85877 -6.21057 -4.60009
-2.38864 -3.82996 -4.5548
8.31211 -10.1229 -3.35197
-2.65436 3.51861 3.52444
6.53468 3.02012 5.07543
-1.37328 -6.88718 -4.98795
-4.94682 -2.20453 -2.11553
-7.71875 6.97463 -7.22271
-7.14118 2.06402 -6.70389
6.77882 3.91353 5.93607
-2.8397 3.04475 -5.23207
-1.86225 5.38488 -10.8857
5.47243 2.22515 4.07373
-3.41253 2.36444 -4.86312
-6.54527 3.21609 -5.31581
-9.38092 -4.25591 -4.06726
-8.8803 -0.333231 -3.73224
-4.41358 -3.35589 9.57191
-4.5566 3.52933 -3.44262
6.82755 1.89188 5.73141
-6.66872 6.61276 -2.47003
-3.41633 -4.00021 -6.954
-7.78294 2.6569 -5.47837
-1.73431 4.74126 -4.50294
-1.72181 2.1308 3.67334
-6.1883 -1.9099 8.21241
-2.68345 6.26119 -3.48719
3.80488 2.36061 2.17422
-8.6938 5.1853 1.54912
4.43552 3.55635 -2.39137
2.28631 -5.34934 7.19894
-3.93166 -2.91727 3.93317
4.93799 -2.26129 2.92034
4.96039 -6.34833 -7.33294
-10.0771 -2.17392 5.39854
-1.1884 4.56832 -4.86417
-6.04532 10.4849 -5.05497
