2.97442e-06 1.71728e-06 1.2143e-06
5.50197e-06 3.17656e-06 1.79694e-06
1.03385e-05 5.96895e-06 2.41182e-06
1.94451e-05 1.12266e-05 2.44259e-06
3.56928e-05 2.06072e-05 0
5.50197e-06 2.75302e-06 2.39591e-06
1.09697e-05 5.4286e-06 3.8386e-06
2.24315e-05 1.09584e-05 5.63545e-06
4.62055e-05 2.22307e-05 6.28778e-06
9.26712e-05 4.37758e-05 0
1.03385e-05 4.26354e-06 4.82364e-06
2.24315e-05 8.96595e-06 8.45318e-06
5.05514e-05 1.94572e-05 1.37583e-05
0.000115739 4.25229e-05 1.71818e-05
0.000256871 8.89829e-05 0
1.94451e-05 6.0451e-06 9.77035e-06
4.62055e-05 1.33384e-05 1.88633e-05
0.000115739 3.03735e-05 3.43637e-05
0.000297092 6.86104e-05 4.85149e-05
0.000730611 0.000140606 0
3.56928e-05 6.86907e-06 1.94287e-05
9.26712e-05 1.45919e-05 4.12722e-05
0.000256871 2.9661e-05 8.38938e-05
0.000730611 4.68687e-05 0.000132565
0.00192696 0 0
5.13517e-06 3.38833e-06 2.39591e-06
1.01862e-05 6.78575e-06 3.8386e-06
2.0706e-05 1.3947e-05 5.63545e-06
4.23551e-05 2.88998e-05 6.28778e-06
8.42466e-05 5.83677e-05 0
1.01862e-05 5.88098e-06 5.11813e-06
2.22829e-05 1.2865e-05 9.09694e-06
5.0802e-05 2.93306e-05 1.50835e-05
0.000118152 6.82151e-05 1.92941e-05
0.000267383 0.000154373 0
2.0706e-05 9.96216e-06 1.12709e-05
5.0802e-05 2.39977e-05 2.26253e-05
0.000133137 6.14935e-05 4.34825e-05
0.000363766 0.000163349 6.60031e-05
0.000969125 0.000419644 0
4.23551e-05 1.55615e-05 2.51511e-05
0.000118152 4.0929e-05 5.78824e-05
0.000363766 0.000116678 0.000132006
0.00120308 0.000347298 0.000245577
0.00386807 0.0009571 0
8.42466e-05 1.94559e-05 5.50296e-05
0.000267383 5.14578e-05 0.000145545
0.000969125 0.000139881 0.000395644
0.00386807 0.000319033 0.000902362
0.0144196 0 0
8.86159e-06 6.82166e-06 4.82364e-06
1.89805e-05 1.49432e-05 8.45318e-06
4.21262e-05 3.40502e-05 1.37583e-05
9.46952e-05 7.89711e-05 1.71818e-05
0.000205497 0.000177966 0
1.89805e-05 1.29508e-05 1.12709e-05
4.61837e-05 3.1997e-05 2.26253e-05
0.000119824 8.45536e-05 4.34825e-05
0.000323348 0.000233356 6.60031e-05
0.000847985 0.000629465 0
4.21262e-05 2.43215e-05 2.75167e-05
0.000119824 6.91802e-05 6.52237e-05
0.000380699 0.000219796 0.00015542
0.00132307 0.000763873 0.000308651
0.00456607 0.00263622 0
9.46952e-05 4.25229e-05 6.87274e-05
0.000323348 0.000140014 0.000198009
0.00132307 0.000545623 0.000617302
0.00646579 0.00248868 0.00175977
0.0327852 0.0113571 0
0.000205497 5.93219e-05 0.000167788
0.000847985 0.000209822 0.000593466
0.00456607 0.000878741 0.00248545
0.0327852 0.00378571 0.0107076
0.242856 0 0
1.49577e-05 1.38174e-05 9.77035e-06
3.46542e-05 3.3346e-05 1.88633e-05
8.41735e-05 8.50458e-05 3.43637e-05
0.000207964 0.000222984 4.85149e-05
0.000487074 0.000562424 0
3.46542e-05 2.88998e-05 2.51511e-05
9.45216e-05 8.18581e-05 5.78824e-05
0.000282929 0.000256692 0.000132006
0.000902307 0.000868245 0.000245577
0.00276291 0.0028713 0
8.41735e-05 6.0747e-05 6.87274e-05
0.000282929 0.000210021 0.000198009
0.00113406 0.000872997 0.000617302
0.00538816 0.0043552 0.00175977
0.0262281 0.0227142 0
0.000207964 0.000120068 0.000194059
0.000902307 0.000520947 0.000736731
0.00538816 0.00311086 0.00351953
0.0485073 0.0280057 0.019803
0.563136 0.325127 0
0.000487074 0.000187475 0.000530259
0.00276291 0.0009571 0.00270709
0.0262281 0.00757141 0.0214152
0.563136 0.108376 0.306533
-4.20716e-14 -0 -0
2.37952e-05 2.74763e-05 1.94287e-05
5.89726e-05 7.29597e-05 4.12722e-05
0.000154123 0.000207627 8.38938e-05
0.000405895 0.000609293 0.000132565
0.000963478 0.00166879 0
5.89726e-05 6.32317e-05 5.50296e-05
0.000178255 0.000205831 0.000145545
0.000605703 0.000769347 0.000395644
0.00221033 0.00319033 0.000902362
0.00720979 0.0124877 0
0.000154123 0.000148305 0.000167788
0.000605703 0.000629465 0.000593466
0.00304405 0.00351496 0.00248545
0.0196711 0.0264999 0.0107076
0.121428 0.210319 0
0.000405895 0.000328081 0.000530259
0.00221033 0.0019142 0.00270709
0.0196711 0.0189285 0.0214152
0.375424 0.433502 0.306533
-2.10358e-14 -3.64351e-14 -0
0.000963478 0.000556264 0.00157335
0.00720979 0.00416258 0.0117735
0.121428 0.0701064 0.198291
-0.121428 -0.0701064 -0.198291
-0.121428 -0.0701064 -0.198291
