2.29561 1.32537 0.937178
5.03337 2.90602 -1.20569
5.22816 3.01848 -3.90661
5.07256 2.92864 -4.49001
4.01466 2.31786 -5.22263
5.03337 -0.168059 3.14171
7.81973 -1.48468 -1.04983
7.99434 -1.56474 -3.99856
7.55896 -1.55826 -5.31334
4.66209 -1.14712 -7.50289
5.22816 -2.67703 4.14805
7.99434 -4.29146 -0.142394
8.13401 -4.44049 -3.1399
7.6229 -4.25037 -4.73484
4.63804 -2.67777 -7.57388
5.07256 -3.257 4.25782
7.55896 -5.52888 0.301971
7.6229 -5.88084 -2.429
7.09444 -5.65202 -3.99658
4.12619 -3.92679 -6.8483
4.01466 -4.15133 3.92618
4.66209 -7.45617 1.41945
4.63804 -8.03332 -5.14812e-14
4.12619 -7.76557 -1.41945
1.58783 -5.55246 -3.92618
2.37114 4.44306 3.14171
2.62409 7.51443 -1.04983
2.64207 7.70567 -3.99856
2.42999 7.32538 -5.31334
1.33761 4.61104 -7.50289
2.62409 1.51502 7.43461
2.86868 1.65623 1.17113
2.85604 1.64893 -2.08117
2.55016 1.47234 -4.73541
1.34758 0.778025 -9.78917
2.64207 -1.20132 8.59783
2.85604 -1.4125 2.24835
2.81819 -1.50075 -1.06119
2.49067 -1.43799 -4.06724
1.28151 -0.890594 -9.80599
2.42999 -2.56767 8.67755
2.55016 -3.97381 2.9666
2.49067 -4.31396 3.36218e-14
2.16634 -4.19541 -2.9666
1.00868 -3.38827 -8.67755
1.33761 -5.53678 6.8483
1.34758 -8.96997 3.99658
1.28151 -9.54204 2.429
1.00868 -9.31069 -0.301971
0.284368 -6.02147 -4.25782
0.295706 5.86623 4.14805
0.280657 9.06903 -0.142394
0.221422 9.2645 -3.1399
0.130523 8.7268 -4.73484
7.40564e-16 5.35555 -7.57388
0.280657 2.88876 8.59783
0.204758 3.17965 2.24835
0.109409 3.191 -1.06119
-5.38129e-14 2.87598 -4.06724
-0.130523 1.55512 -9.80599
0.221422 0.127838 9.78129
0.109409 0.0631674 3.36223
4.54281e-17 -3.28324e-16 -1.46909e-16
-0.109409 -0.0631674 -3.36223
-0.221422 -0.127838 -9.78129
0.130523 -1.55512 9.80599
5.39805e-14 -2.87598 4.06724
-0.109409 -3.191 1.06119
-0.204758 -3.17965 -2.24835
-0.280657 -2.88876 -8.59783
-4.59756e-16 -5.35555 7.57388
-0.130523 -8.7268 4.73484
-0.221422 -9.2645 3.1399
-0.280657 -9.06903 0.142394
-0.295706 -5.86623 -4.14805
-0.284368 6.02147 4.25782
-1.00868 9.31069 0.301971
-1.28151 9.54204 -2.429
-1.34758 8.96997 -3.99658
-1.33761 5.53678 -6.8483
-1.00868 3.38827 8.67755
-2.16634 4.19541 2.9666
-2.49067 4.31396 -3.32951e-14
-2.55016 3.97381 -2.9666
-2.42999 2.56767 -8.67755
-1.28151 0.890594 9.80599
-2.49067 1.43799 4.06724
-2.81819 1.50075 1.06119
-2.85604 1.4125 -2.24835
-2.64207 1.20132 -8.59783
-1.34758 -0.778025 9.78917
-2.55016 -1.47234 4.73541
-2.85604 -1.64893 2.08117
-2.86868 -1.65623 -1.17113
-2.62409 -1.51502 -7.43461
-1.33761 -4.61104 7.50289
-2.42999 -7.32538 5.31334
-2.64207 -7.70567 3.99856
-2.62409 -7.51443 1.04983
-2.37114 -4.44306 -3.14171
-1.58783 5.55246 3.92618
-4.12619 7.76557 1.41945
-4.63804 8.03332 5.16954e-14
-4.66209 7.45617 -1.41945
-4.01466 4.15133 -3.92618
-4.12619 3.92679 6.8483
-7.09444 5.65202 3.99658
-7.6229 5.88084 2.429
-7.55896 5.52888 -0.301971
-5.07256 3.257 -4.25782
-4.63804 2.67777 7.57388
-7.6229 4.25037 4.73484
-8.13401 4.44049 3.1399
-7.99434 4.29146 0.142394
-5.22816 2.67703 -4.14805
-4.66209 1.14712 7.50289
-7.55896 1.55826 5.31334
-7.99434 1.56474 3.99856
-7.81973 1.48468 1.04983
-5.03337 0.168059 -3.14171
-4.01466 -2.31786 5.22263
-5.07256 -2.92864 4.49001
-5.22816 -3.01848 3.90661
-5.03337 -2.90602 1.20569
-2.29561 -1.32537 -0.937178
